# bench_kernel raw arms: label median min p10 p90 (cycles/op, pooled)
# root=1 ops_per_sample=128 samples=50 phases=20 pooled=1000 core=1
uc_mul_lat         103.82   103.70   103.73   103.90
uc_sq_lat           73.00    72.90    72.93    73.06
uc_mul_tput        100.96   100.84   100.88   101.04
uc_sq_tput          70.05    69.95    69.98    70.11
wrap_mul            10.23    10.20    10.21    10.26
wrap_sq              7.36     7.32     7.34     7.38
uc_alt_lat          87.93    87.82    87.85    88.01
uc_scat_lat        103.82   103.70   103.73   103.90
ossl_alt_lat        84.66    84.55    84.58    84.72
fiat_alt_lat       139.35   139.20   139.23   141.29
fiat_mul_lat       158.24   158.13   158.16   158.33
fiat_sq_lat        120.84   120.70   120.71   124.73
copt_mul_lat       141.32   141.20   141.23   141.40
copt_sq_lat        118.82   118.70   118.73   118.90
a51_mul_lat        145.97   145.84   145.88   146.05
a51_sq_lat         120.80   120.70   120.71   120.88
hc_mul_lat         161.88   161.77   161.80   161.96
hc_sq_lat          117.83   117.70   117.73   117.90
fiat_mul_nb        158.25   158.13   158.16   158.33
fiat_sq_nb         120.84   120.70   120.72   124.79
copt_mul_nb        141.32   141.21   141.23   141.40
copt_sq_nb         118.80   118.70   118.72   118.90
a51_mul_nb         145.97   145.84   145.88   146.05
a51_sq_nb          120.80   120.70   120.71   120.88
hc_mul_nb          161.88   161.77   161.80   161.96
hc_sq_nb           117.82   117.70   117.73   117.90
fiat_mul_tput      156.97   156.84   156.88   157.05
fiat_sq_tput       120.85   120.70   120.73   124.87
copt_mul_tput      139.45   139.30   139.34   139.52
copt_sq_tput       120.34   120.22   120.23   120.42
a51_mul_tput       146.02   145.88   145.92   146.11
a51_sq_tput        120.80   120.68   120.71   120.88
hc_mul_tput        160.59   160.47   160.50   160.68
hc_sq_tput         118.13   117.98   118.01   118.64
ossl_mul_lat        97.59    97.48    97.51    97.66
ossl_sq_lat         72.46    72.37    72.39    72.52
ossl_mul_nb         97.59    97.48    97.51    97.66
ossl_sq_nb          72.46    72.37    72.39    72.52
ossl_mul_tput       97.38    97.23    97.30    97.46
ossl_sq_tput        72.46    72.36    72.39    72.53
s2n_mul_lat        110.98   108.81   109.15   111.07
s2n_sq_lat         107.37   107.26   107.29   107.46
s2n_mul_nb         110.97   108.81   110.53   111.07
s2n_sq_nb          107.38   107.26   107.29   107.46
s2n_mul_tput       108.66   108.39   108.56   108.75
s2n_sq_tput        103.70   103.56   103.60   103.77
nfloor_mul          11.66    11.61    11.62    11.67
nfloor_sq            7.16     6.59     7.13     7.17
floor_mul_lat       15.33    15.28    15.30    15.35
floor_sq_lat        15.83    15.77    15.80    15.85
floor_mul_tput      15.33    15.28    15.30    15.35
floor_sq_tput       15.82    15.78    15.80    15.85
uc_mul_recheck     103.82   103.73   103.73   103.90
