# bench_kernel raw arms: label median min p10 p90 (cycles/op, pooled)
# root=1 ops_per_sample=128 samples=50 phases=20 pooled=1000 core=1
uc_mul_lat         103.80   103.68   103.71   103.87
uc_sq_lat           72.98    72.88    72.91    73.06
uc_mul_tput        100.95   100.82   100.85   101.02
uc_sq_tput          70.02    69.91    69.95    70.09
wrap_mul            10.23    10.19    10.21    10.24
wrap_sq              7.81     7.78     7.80     7.84
uc_alt_lat          87.91    87.80    87.82    87.98
uc_scat_lat        103.79   103.68   103.71   103.88
ossl_alt_lat        85.62    84.91    85.55    85.70
fiat_alt_lat       140.77   140.60   140.64   142.76
fiat_mul_lat       157.91   157.80   157.84   158.00
fiat_sq_lat        123.08   122.91   122.94   127.06
copt_mul_lat       141.30   141.20   141.21   141.39
copt_sq_lat        118.84   118.71   118.74   118.91
a51_mul_lat        145.95   145.83   145.86   146.03
a51_sq_lat         120.77   120.66   120.70   120.86
hc_mul_lat         161.74   161.63   161.66   161.82
hc_sq_lat          120.77   120.02   120.68   120.85
fiat_mul_nb        157.92   157.80   157.84   158.00
fiat_sq_nb         123.09   122.91   122.94   127.07
copt_mul_nb        141.30   141.20   141.21   141.38
copt_sq_nb         118.84   118.72   118.74   118.91
a51_mul_nb         145.95   145.83   145.86   146.03
a51_sq_nb          120.78   120.66   120.70   120.86
hc_mul_nb          161.74   161.60   161.66   161.82
hc_sq_nb           120.77   120.19   120.68   120.85
fiat_mul_tput      157.69   157.55   157.59   157.77
fiat_sq_tput       123.10   122.91   122.95   127.11
copt_mul_tput      139.43   139.30   139.34   139.52
copt_sq_tput       120.11   119.97   120.02   120.19
a51_mul_tput       145.98   145.86   145.89   146.06
a51_sq_tput        120.84   120.70   120.74   120.92
hc_mul_tput        161.17   161.03   161.09   161.27
hc_sq_tput         120.80   120.45   120.71   120.90
ossl_mul_lat        97.12    97.01    97.03    97.20
ossl_sq_lat         72.43    72.34    72.36    72.49
ossl_mul_nb         97.12    97.01    97.04    97.20
ossl_sq_nb          72.43    72.34    72.36    72.49
ossl_mul_tput       97.11    97.00    97.03    97.20
ossl_sq_tput        72.46    72.35    72.38    72.52
s2n_mul_lat        110.70   108.91   110.59   110.84
s2n_sq_lat         107.43   107.30   107.34   107.50
s2n_mul_nb         110.70   110.55   110.59   110.85
s2n_sq_nb          107.43   107.30   107.34   107.51
s2n_mul_tput       108.51   108.31   108.41   108.59
s2n_sq_tput        103.70   103.55   103.60   103.77
nfloor_mul          11.66    11.62    11.64    11.68
nfloor_sq            6.40     6.36     6.38     6.42
floor_mul_lat       15.31    15.27    15.29    15.34
floor_sq_lat        15.75    15.70    15.73    15.77
floor_mul_tput      15.31    15.27    15.29    15.34
floor_sq_tput       15.74    15.70    15.73    15.77
uc_mul_recheck     103.79   103.70   103.71   103.88
