# bench_kernel raw arms: label median min p10 p90 (cycles/op, pooled)
# root=1 ops_per_sample=128 samples=50 phases=20 pooled=1000 core=1
uc_mul_lat         103.74   103.63   103.66   103.84
uc_sq_lat           73.17    73.07    73.09    73.23
uc_mul_tput        100.95   100.83   100.86   101.02
uc_sq_tput          70.02    69.93    69.96    70.09
wrap_mul            10.24    10.20    10.21    10.26
wrap_sq              7.30     7.27     7.28     7.32
uc_alt_lat          87.91    87.80    87.84    87.98
uc_scat_lat        103.80   103.68   103.71   103.88
ossl_alt_lat        85.63    85.53    85.55    85.70
fiat_alt_lat       120.07   119.95   119.98   120.16
fiat_mul_lat       130.59   130.48   130.51   130.68
fiat_sq_lat        108.35   108.24   108.27   108.43
copt_mul_lat       141.47   141.36   141.38   141.56
copt_sq_lat        119.10   118.98   119.01   119.18
a51_mul_lat        146.72   146.60   146.63   146.80
a51_sq_lat         119.82   119.70   119.73   119.90
hc_mul_lat         144.48   144.36   144.39   144.56
hc_sq_lat          122.53   122.41   122.45   122.62
fiat_mul_nb        130.60   130.48   130.50   130.68
fiat_sq_nb         108.35   108.23   108.27   108.43
copt_mul_nb        141.48   141.36   141.38   141.56
copt_sq_nb         119.09   118.98   119.01   119.18
a51_mul_nb         146.71   146.59   146.62   146.79
a51_sq_nb          120.34   120.23   120.25   120.43
hc_mul_nb          144.50   144.38   144.41   144.58
hc_sq_nb           122.31   122.20   122.23   122.40
fiat_mul_tput      131.49   131.37   131.40   131.57
fiat_sq_tput       108.61   108.49   108.52   108.69
copt_mul_tput      139.73   139.62   139.65   139.83
copt_sq_tput       120.84   120.73   120.76   120.92
a51_mul_tput       146.22   146.09   146.12   146.30
a51_sq_tput        119.80   119.68   119.71   119.88
hc_mul_tput        147.49   147.38   147.40   147.57
hc_sq_tput         123.03   122.92   122.95   123.12
ossl_mul_lat        98.59    98.47    98.50    98.66
ossl_sq_lat         72.98    72.88    72.91    73.05
ossl_mul_nb         98.55    98.45    98.48    98.63
ossl_sq_nb          72.97    72.88    72.91    73.05
ossl_mul_tput       97.86    97.75    97.78    97.94
ossl_sq_tput        72.97    72.87    72.90    73.03
s2n_mul_lat        108.83   108.72   108.73   108.91
s2n_sq_lat         106.83   106.72   106.75   106.91
s2n_mul_nb         108.82   108.70   108.73   108.90
s2n_sq_nb          106.83   106.72   106.75   106.91
s2n_mul_tput       108.46   108.34   108.38   108.55
s2n_sq_tput        104.54   102.53   104.46   104.62
nfloor_mul          12.05    12.01    12.02    12.07
nfloor_sq            7.46     7.42     7.44     7.48
floor_mul_lat       15.27    15.23    15.25    15.30
floor_sq_lat        15.71    15.66    15.68    15.73
floor_mul_tput      15.28    15.23    15.26    15.30
floor_sq_tput       15.77    15.72    15.74    15.79
uc_mul_recheck     103.74   103.64   103.65   103.82
