# bench_kernel raw arms: label median min p10 p90 (cycles/op, pooled)
# root=1 ops_per_sample=128 samples=50 phases=20 pooled=1000 core=1
uc_mul_lat         103.74   103.63   103.66   103.82
uc_sq_lat           73.03    72.94    72.97    73.10
uc_mul_tput        100.96   100.85   100.88   101.04
uc_sq_tput          70.01    69.91    69.95    70.07
wrap_mul            10.30    10.27    10.29    10.32
wrap_sq              7.78     7.75     7.77     7.80
uc_alt_lat          88.00    87.89    87.92    88.07
uc_scat_lat        103.74   103.63   103.66   103.83
ossl_alt_lat        85.63    85.53    85.55    85.70
fiat_alt_lat       121.54   121.43   121.46   121.62
fiat_mul_lat       129.76   129.65   129.68   129.84
fiat_sq_lat        112.56   112.45   112.48   112.65
copt_mul_lat       141.38   141.25   141.28   141.45
copt_sq_lat        121.05   120.92   120.95   121.12
a51_mul_lat        145.95   145.83   145.86   146.03
a51_sq_lat         118.79   118.66   118.70   118.87
hc_mul_lat         150.90   150.78   150.81   150.98
hc_sq_lat          118.79   118.67   118.70   118.87
fiat_mul_nb        129.76   129.65   129.67   129.84
fiat_sq_nb         112.56   112.45   112.48   112.64
copt_mul_nb        141.38   141.25   141.29   141.45
copt_sq_nb         121.05   120.92   120.95   121.12
a51_mul_nb         145.95   145.83   145.87   146.05
a51_sq_nb          118.79   118.66   118.70   118.87
hc_mul_nb          150.90   150.78   150.81   150.98
hc_sq_nb           118.79   118.66   118.70   118.87
fiat_mul_tput      129.77   129.65   129.68   129.85
fiat_sq_tput       112.56   112.45   112.48   112.64
copt_mul_tput      138.73   138.62   138.65   138.81
copt_sq_tput       121.05   120.92   120.95   121.12
a51_mul_tput       145.95   145.83   145.86   146.03
a51_sq_tput        119.52   119.41   119.44   119.61
hc_mul_tput        150.90   150.78   150.81   150.98
hc_sq_tput         118.79   118.67   118.70   118.87
ossl_mul_lat        97.09    96.98    97.00    97.16
ossl_sq_lat         73.17    73.07    73.10    73.23
ossl_mul_nb         97.09    96.98    97.01    97.16
ossl_sq_nb          73.17    73.08    73.11    73.24
ossl_mul_tput       97.08    96.98    97.00    97.16
ossl_sq_tput        73.17    73.07    73.10    73.23
s2n_mul_lat        110.42   110.31   110.34   110.51
s2n_sq_lat         105.91   105.78   105.81   105.98
s2n_mul_nb         110.42   110.31   110.34   110.50
s2n_sq_nb          105.90   105.78   105.81   105.98
s2n_mul_tput       107.78   107.65   107.69   107.86
s2n_sq_tput        105.38   105.05   105.28   105.45
nfloor_mul          10.15     9.77    10.13    10.16
nfloor_sq            6.36     6.32     6.34     6.38
floor_mul_lat       15.26    15.22    15.23    15.28
floor_sq_lat        15.70    15.65    15.68    15.72
floor_mul_tput      15.26    15.21    15.23    15.28
floor_sq_tput       15.70    15.66    15.68    15.72
uc_mul_recheck     103.73   103.62   103.63   103.80
