# bench_kernel raw arms: label median min p10 p90 (cycles/op, pooled)
# root=1 ops_per_sample=128 samples=50 phases=20 pooled=1000 core=1
uc_mul_lat         103.77   103.66   103.70   103.85
uc_sq_lat           72.92    72.82    72.85    72.98
uc_mul_tput        100.83   100.71   100.74   100.90
uc_sq_tput          69.95    69.85    69.88    70.01
wrap_mul            10.13    10.09    10.12    10.15
wrap_sq              7.68     7.64     7.66     7.70
uc_alt_lat          87.88    87.77    87.79    87.95
uc_scat_lat        103.77   103.66   103.70   103.85
ossl_alt_lat        85.63    84.92    85.56    85.70
fiat_alt_lat       130.33   130.06   130.24   130.43
fiat_mul_lat       149.58   149.44   149.47   149.79
fiat_sq_lat        114.65   114.52   114.55   114.73
copt_mul_lat       141.30   141.20   141.23   141.39
copt_sq_lat        118.82   118.71   118.74   118.91
a51_mul_lat        145.95   145.83   145.86   146.03
a51_sq_lat         120.77   120.66   120.70   120.86
hc_mul_lat         142.22   142.09   142.12   142.30
hc_sq_lat          106.40   106.28   106.32   106.49
fiat_mul_nb        142.53   142.39   142.42   143.01
fiat_sq_nb         109.58   109.47   109.50   109.67
copt_mul_nb        141.31   141.20   141.23   141.39
copt_sq_nb         118.82   118.71   118.74   118.91
a51_mul_nb         145.95   145.83   145.86   146.03
a51_sq_nb          120.77   120.66   120.70   120.86
hc_mul_nb          137.59   137.43   137.49   137.68
hc_sq_nb           104.71   104.59   104.62   104.80
fiat_mul_tput      148.56   148.35   148.47   148.65
fiat_sq_tput       112.11   111.99   112.02   112.19
copt_mul_tput      139.25   139.12   139.16   139.34
copt_sq_tput       120.79   120.68   120.70   120.88
a51_mul_tput       145.95   145.83   145.86   146.05
a51_sq_tput        121.08   120.92   120.98   121.16
hc_mul_tput        146.46   145.89   146.08   146.57
hc_sq_tput         106.52   106.40   106.43   106.60
ossl_mul_lat        97.12    97.02    97.05    97.20
ossl_sq_lat         72.45    72.35    72.38    72.51
ossl_mul_nb         97.12    97.02    97.05    97.20
ossl_sq_nb          72.45    72.35    72.38    72.51
ossl_mul_tput       97.09    96.98    97.01    97.17
ossl_sq_tput        72.50    72.34    72.43    72.57
s2n_mul_lat        108.88   108.75   108.78   108.97
s2n_sq_lat         107.43   107.32   107.34   107.51
s2n_mul_nb         108.88   108.75   108.78   108.96
s2n_sq_nb          107.43   107.30   107.34   107.51
s2n_mul_tput       104.95   104.80   104.86   105.06
s2n_sq_tput        101.87   101.74   101.77   101.95
nfloor_mul           9.16     9.12     9.13     9.17
nfloor_sq            6.39     6.35     6.38     6.41
floor_mul_lat       15.12    15.09    15.11    15.16
floor_sq_lat        15.63    15.59    15.60    15.65
floor_mul_tput      15.12    15.09    15.11    15.16
floor_sq_tput       15.63    15.59    15.60    15.65
uc_mul_recheck     103.77   103.67   103.69   103.84
