# bench_kernel raw arms: label median min p10 p90 (cycles/op, pooled)
# root=1 ops_per_sample=128 samples=50 phases=20 pooled=1000 core=1
uc_mul_lat         103.77   103.66   103.70   103.85
uc_sq_lat           72.91    72.80    72.84    72.97
uc_mul_tput        100.83   100.72   100.74   100.91
uc_sq_tput          69.95    69.85    69.88    70.01
wrap_mul            10.13    10.09    10.12    10.15
wrap_sq              7.20     7.16     7.19     7.22
uc_alt_lat          87.88    87.76    87.79    87.95
uc_scat_lat        103.77   103.65   103.70   103.85
ossl_alt_lat        85.62    84.97    85.55    85.70
fiat_alt_lat       138.03   137.91   137.95   138.12
fiat_mul_lat       156.52   154.87   156.44   156.61
fiat_sq_lat        122.74   122.62   122.65   122.82
copt_mul_lat       141.31   141.20   141.23   141.39
copt_sq_lat        118.83   118.71   118.74   118.91
a51_mul_lat        145.95   145.83   145.86   146.03
a51_sq_lat         120.78   120.66   120.70   120.86
hc_mul_lat         154.02   153.77   153.94   154.10
hc_sq_lat          105.11   104.77   105.02   105.20
fiat_mul_nb        156.52   155.05   156.44   156.61
fiat_sq_nb         122.75   122.62   122.66   122.83
copt_mul_nb        141.31   141.20   141.23   141.39
copt_sq_nb         118.83   118.71   118.74   118.91
a51_mul_nb         145.95   145.83   145.86   146.03
a51_sq_nb          120.78   120.66   120.70   120.86
hc_mul_nb          154.02   153.91   153.94   154.09
hc_sq_nb           104.36   104.19   104.27   104.44
fiat_mul_tput      153.12   151.60   152.37   153.23
fiat_sq_tput       118.80   118.69   118.72   118.88
copt_mul_tput      139.25   139.12   139.15   139.34
copt_sq_tput       120.80   120.68   120.70   120.88
a51_mul_tput       145.95   145.83   145.86   146.05
a51_sq_tput        121.08   120.92   120.98   121.16
hc_mul_tput        153.09   152.96   152.99   153.17
hc_sq_tput         107.45   107.32   107.35   107.52
ossl_mul_lat        97.12    97.02    97.05    97.20
ossl_sq_lat         72.45    72.35    72.38    72.51
ossl_mul_nb         97.12    97.02    97.05    97.20
ossl_sq_nb          72.45    72.35    72.38    72.51
ossl_mul_tput       97.09    96.98    97.01    97.17
ossl_sq_tput        72.50    72.37    72.43    72.57
s2n_mul_lat        108.88   108.75   108.78   108.96
s2n_sq_lat         107.41   107.30   107.34   107.51
s2n_mul_nb         108.88   108.74   108.78   108.96
s2n_sq_nb          107.42   107.32   107.34   107.51
s2n_mul_tput       104.95   104.80   104.86   105.06
s2n_sq_tput        101.87   101.74   101.78   101.95
nfloor_mul           9.16     9.12     9.13     9.17
nfloor_sq            6.35     6.31     6.33     6.38
floor_mul_lat       15.12    15.09    15.11    15.16
floor_sq_lat        15.63    15.59    15.60    15.65
floor_mul_tput      15.12    15.09    15.11    15.16
floor_sq_tput       15.63    15.59    15.60    15.65
uc_mul_recheck     103.77   103.67   103.69   103.84
