# bench_kernel raw arms: label median min p10 p90 (cycles/op, pooled)
# root=1 ops_per_sample=128 samples=50 phases=20 pooled=1000 core=1
uc_mul_lat         103.74   103.62   103.65   103.82
uc_sq_lat           73.02    72.92    72.95    73.09
uc_mul_tput        100.95   100.84   100.87   101.02
uc_sq_tput          70.01    69.91    69.93    70.07
wrap_mul            10.21    10.16    10.18    10.23
wrap_sq              7.77     7.74     7.76     7.80
uc_alt_lat          87.98    87.88    87.90    88.05
uc_scat_lat        103.74   103.62   103.65   103.82
ossl_alt_lat        85.63    85.53    85.56    85.70
fiat_alt_lat       124.06   123.94   123.97   124.13
fiat_mul_lat       132.24   132.12   132.16   132.32
fiat_sq_lat        117.50   117.38   117.41   117.58
copt_mul_lat       141.38   141.25   141.29   141.45
copt_sq_lat        121.05   120.92   120.95   121.12
a51_mul_lat        145.95   145.83   145.86   146.03
a51_sq_lat         118.79   118.66   118.70   118.87
hc_mul_lat         144.25   144.13   144.16   144.34
hc_sq_lat          114.79   114.67   114.70   114.87
fiat_mul_nb        132.26   132.12   132.15   132.34
fiat_sq_nb         117.50   117.38   117.41   117.58
copt_mul_nb        141.38   141.26   141.29   141.45
copt_sq_nb         121.05   120.93   120.95   121.12
a51_mul_nb         145.95   145.83   145.86   146.03
a51_sq_nb          118.79   118.66   118.70   118.87
hc_mul_nb          144.26   144.13   144.16   144.34
hc_sq_nb           114.79   114.67   114.70   114.88
fiat_mul_tput      135.07   134.95   134.98   135.16
fiat_sq_tput       111.27   111.15   111.17   111.36
copt_mul_tput      138.73   138.62   138.65   138.81
copt_sq_tput       121.05   120.92   120.95   121.12
a51_mul_tput       145.95   145.83   145.87   146.04
a51_sq_tput        119.53   119.41   119.44   119.61
hc_mul_tput        144.62   144.49   144.52   144.70
hc_sq_tput         116.67   116.55   116.58   116.75
ossl_mul_lat        97.09    96.98    97.01    97.16
ossl_sq_lat         73.17    73.07    73.10    73.23
ossl_mul_nb         97.09    96.98    97.00    97.17
ossl_sq_nb          73.17    73.08    73.10    73.23
ossl_mul_tput       97.09    96.98    97.01    97.16
ossl_sq_tput        73.18    73.08    73.11    73.24
s2n_mul_lat        125.66   124.92   125.58   125.75
s2n_sq_lat         117.35   117.06   117.27   117.44
s2n_mul_nb         125.66   124.97   125.58   125.75
s2n_sq_nb          117.35   117.13   117.27   117.44
s2n_mul_tput       113.66   113.46   113.59   113.75
s2n_sq_tput        107.41   106.59   107.32   107.48
nfloor_mul          10.15     9.54    10.13    10.16
nfloor_sq            6.40     6.36     6.38     6.42
floor_mul_lat       15.25    15.20    15.23    15.27
floor_sq_lat        15.68    15.64    15.66    15.70
floor_mul_tput      15.25    15.20    15.22    15.27
floor_sq_tput       15.68    15.63    15.66    15.70
uc_mul_recheck     103.71   103.62   103.65   103.80
