# bench_kernel raw arms: label median min p10 p90 (cycles/op, pooled)
# root=1 ops_per_sample=128 samples=50 phases=20 pooled=1000 core=1
uc_mul_lat         103.82   103.70   103.73   103.89
uc_sq_lat           72.97    72.87    72.90    73.03
uc_mul_tput        100.98   100.86   100.89   101.05
uc_sq_tput          69.96    69.86    69.88    70.02
wrap_mul            10.26    10.21    10.23    10.27
wrap_sq              7.79     7.75     7.77     7.80
uc_alt_lat          87.97    87.85    87.88    88.03
uc_scat_lat        103.79   103.68   103.71   103.87
ossl_alt_lat        85.62    85.53    85.56    85.70
fiat_alt_lat       123.52   123.40   123.43   123.60
fiat_mul_lat       132.98   132.86   132.89   133.05
fiat_sq_lat        113.16   113.03   113.06   113.23
copt_mul_lat       141.38   141.25   141.28   141.45
copt_sq_lat        121.79   121.66   121.70   121.87
a51_mul_lat        145.95   145.83   145.86   146.03
a51_sq_lat         118.79   118.67   118.70   118.87
hc_mul_lat         149.91   149.79   149.81   149.98
hc_sq_lat          114.66   114.55   114.58   114.75
fiat_mul_nb        132.98   132.85   132.89   133.05
fiat_sq_nb         113.16   113.03   113.06   113.23
copt_mul_nb        141.38   141.25   141.29   141.45
copt_sq_nb         121.78   121.66   121.70   121.87
a51_mul_nb         145.95   145.83   145.86   146.03
a51_sq_nb          118.79   118.67   118.70   118.87
hc_mul_nb          149.91   149.79   149.81   149.98
hc_sq_nb           114.66   114.55   114.57   114.74
fiat_mul_tput      132.98   132.86   132.88   133.05
fiat_sq_tput       113.16   113.03   113.06   113.23
copt_mul_tput      138.73   138.62   138.65   138.81
copt_sq_tput       121.05   120.93   120.95   121.12
a51_mul_tput       145.95   145.83   145.86   146.03
a51_sq_tput        119.53   119.41   119.44   119.61
hc_mul_tput        149.91   149.79   149.81   149.99
hc_sq_tput         114.67   114.55   114.59   114.75
ossl_mul_lat        97.09    96.98    97.01    97.16
ossl_sq_lat         73.17    73.08    73.10    73.23
ossl_mul_nb         97.09    96.98    97.01    97.16
ossl_sq_nb          73.17    73.07    73.10    73.23
ossl_mul_tput       97.09    96.98    97.01    97.16
ossl_sq_tput        73.17    73.07    73.10    73.23
s2n_mul_lat        110.44   110.31   110.34   110.52
s2n_sq_lat         105.91   105.78   105.81   105.98
s2n_mul_nb         110.42   110.31   110.34   110.52
s2n_sq_nb          105.91   105.78   105.81   105.98
s2n_mul_tput       107.77   107.66   107.69   107.86
s2n_sq_tput        105.37   105.00   105.28   105.45
nfloor_mul          10.15    10.02    10.13    10.16
nfloor_sq            6.39     6.35     6.38     6.41
floor_mul_lat       15.19    15.16    15.17    15.22
floor_sq_lat        15.66    15.62    15.63    15.68
floor_mul_tput      15.23    15.18    15.20    15.25
floor_sq_tput       15.70    15.65    15.66    15.71
uc_mul_recheck     103.79   103.68   103.70   103.85
