# bench_kernel raw arms: label median min p10 p90 (cycles/op, pooled)
# root=1 ops_per_sample=128 samples=50 phases=20 pooled=1000 core=1
uc_mul_lat         103.80   103.68   103.71   103.88
uc_sq_lat           73.06    72.92    72.98    73.12
uc_mul_tput        100.95   100.82   100.86   101.02
uc_sq_tput          70.02    69.90    69.96    70.10
wrap_mul            10.27    10.23    10.24    10.29
wrap_sq              7.78     7.75     7.77     7.80
uc_alt_lat          88.05    87.91    87.95    88.11
uc_scat_lat        103.80   103.70   103.73   103.88
ossl_alt_lat        85.67    85.56    85.59    85.74
fiat_alt_lat       142.74   142.62   142.65   142.82
fiat_mul_lat       154.18   154.06   154.09   154.27
fiat_sq_lat        125.48   125.35   125.38   125.56
copt_mul_lat       141.38   141.27   141.29   141.47
copt_sq_lat        122.27   122.15   122.18   122.35
a51_mul_lat        145.96   145.84   145.87   146.04
a51_sq_lat         120.28   120.16   120.19   120.36
hc_mul_lat         162.57   162.45   162.48   162.65
hc_sq_lat          115.30   115.18   115.21   115.38
fiat_mul_nb        153.95   153.83   153.86   154.03
fiat_sq_nb         125.48   125.35   125.38   125.55
copt_mul_nb        141.39   141.27   141.30   141.47
copt_sq_nb         122.27   122.15   122.18   122.35
a51_mul_nb         145.96   145.84   145.87   146.05
a51_sq_nb          120.28   120.16   120.19   120.36
hc_mul_nb          162.55   162.45   162.48   162.63
hc_sq_nb           115.30   115.18   115.21   115.38
fiat_mul_tput      152.05   151.91   151.95   152.76
fiat_sq_tput       121.03   120.91   120.94   121.11
copt_mul_tput      139.72   139.59   139.62   139.81
copt_sq_tput       120.05   119.92   119.95   120.14
a51_mul_tput       145.98   145.83   145.88   146.06
a51_sq_tput        120.08   119.95   119.98   120.16
hc_mul_tput        158.44   158.30   158.34   158.52
hc_sq_tput         115.32   115.20   115.23   115.41
ossl_mul_lat        98.10    97.98    98.02    98.18
ossl_sq_lat         72.43    72.33    72.36    72.49
ossl_mul_nb         98.10    97.98    98.02    98.18
ossl_sq_nb          72.43    72.34    72.36    72.49
ossl_mul_tput       97.35    97.23    97.27    97.43
ossl_sq_tput        72.47    72.36    72.40    72.54
s2n_mul_lat        111.39   109.42   111.30   111.47
s2n_sq_lat         107.63   106.92   107.54   107.71
s2n_mul_nb         111.39   108.80   111.28   111.47
s2n_sq_nb          107.63   106.44   107.54   107.71
s2n_mul_tput       113.87   113.55   113.77   114.10
s2n_sq_tput        106.80   106.68   106.71   106.89
nfloor_mul           9.15     9.11     9.12     9.16
nfloor_sq            6.20     6.16     6.18     6.22
floor_mul_lat       15.31    15.27    15.29    15.33
floor_sq_lat        15.80    15.77    15.78    15.83
floor_mul_tput      15.31    15.27    15.29    15.34
floor_sq_tput       15.81    15.77    15.79    15.84
uc_mul_recheck     103.80   103.68   103.72   103.88
