# bench_kernel raw arms: label median min p10 p90 (cycles/op, pooled)
# root=1 ops_per_sample=128 samples=50 phases=20 pooled=1000 core=1
uc_mul_lat         103.79   103.68   103.71   103.88
uc_sq_lat           72.98    72.88    72.91    73.05
uc_mul_tput        100.95   100.82   100.85   101.02
uc_sq_tput          70.02    69.91    69.95    70.09
wrap_mul            10.23    10.19    10.21    10.26
wrap_sq              7.81     7.78     7.80     7.84
uc_alt_lat          87.91    87.80    87.82    87.98
uc_scat_lat        103.79   103.68   103.71   103.87
ossl_alt_lat        85.62    84.82    85.55    85.69
fiat_alt_lat       139.08   138.86   138.91   141.95
fiat_mul_lat       155.26   155.13   155.16   155.34
fiat_sq_lat        123.78   121.66   121.71   127.68
copt_mul_lat       141.30   141.20   141.21   141.38
copt_sq_lat        118.84   118.71   118.74   118.91
a51_mul_lat        145.95   145.83   145.86   146.03
a51_sq_lat         120.78   120.66   120.70   120.86
hc_mul_lat         159.12   159.01   159.04   159.20
hc_sq_lat          118.54   118.42   118.44   118.62
fiat_mul_nb        155.25   155.13   155.16   155.34
fiat_sq_nb         121.88   121.66   121.71   127.66
copt_mul_nb        141.30   141.20   141.21   141.38
copt_sq_nb         118.84   118.72   118.74   118.91
a51_mul_nb         145.95   145.83   145.86   146.03
a51_sq_nb          120.78   120.66   120.70   120.86
hc_mul_nb          159.12   159.01   159.03   159.20
hc_sq_nb           118.53   118.42   118.44   118.62
fiat_mul_tput      155.35   155.23   155.26   155.45
fiat_sq_tput       123.71   121.67   121.72   127.80
copt_mul_tput      139.43   139.30   139.34   139.52
copt_sq_tput       120.11   119.98   120.02   120.19
a51_mul_tput       145.98   145.86   145.89   146.06
a51_sq_tput        120.84   120.70   120.74   120.92
hc_mul_tput        160.74   160.57   160.65   160.84
hc_sq_tput         118.31   117.70   117.83   118.41
ossl_mul_lat        97.12    97.02    97.03    97.20
ossl_sq_lat         72.43    72.34    72.36    72.49
ossl_mul_nb         97.12    97.01    97.03    97.20
ossl_sq_nb          72.43    72.34    72.36    72.49
ossl_mul_tput       97.12    96.99    97.03    97.20
ossl_sq_tput        72.46    72.35    72.38    72.52
s2n_mul_lat        110.70   110.56   110.59   110.87
s2n_sq_lat         107.42   107.30   107.34   107.50
s2n_mul_nb         110.70   110.56   110.59   110.85
s2n_sq_nb          107.43   107.30   107.34   107.50
s2n_mul_tput       108.51   108.32   108.41   108.61
s2n_sq_tput        103.70   103.54   103.60   103.77
nfloor_mul          11.66    11.62    11.64    11.68
nfloor_sq            6.38     6.35     6.37     6.40
floor_mul_lat       15.31    15.27    15.29    15.34
floor_sq_lat        15.75    15.70    15.73    15.77
floor_mul_tput      15.31    15.27    15.29    15.34
floor_sq_tput       15.74    15.70    15.73    15.77
uc_mul_recheck     103.82   103.70   103.71   103.88
