# bench_kernel raw arms: label median min p10 p90 (cycles/op, pooled)
# root=1 ops_per_sample=128 samples=50 phases=20 pooled=1000 core=1
uc_mul_lat         103.80   103.66   103.71   103.88
uc_sq_lat           73.06    72.91    72.98    73.12
uc_mul_tput        100.95   100.83   100.86   101.02
uc_sq_tput          70.02    69.91    69.96    70.10
wrap_mul            10.27    10.23    10.24    10.29
wrap_sq              7.78     7.75     7.77     7.80
uc_alt_lat          88.03    87.92    87.95    88.11
uc_scat_lat        103.82   103.68   103.73   103.89
ossl_alt_lat        85.67    85.56    85.59    85.74
fiat_alt_lat       140.16   140.04   140.07   140.24
fiat_mul_lat       153.44   153.32   153.35   153.52
fiat_sq_lat        122.98   122.88   122.89   123.06
copt_mul_lat       141.38   141.26   141.29   141.47
copt_sq_lat        119.02   118.91   118.93   119.10
a51_mul_lat        145.96   145.84   145.87   146.05
a51_sq_lat         120.28   120.16   120.19   120.36
hc_mul_lat         154.27   154.16   154.19   154.36
hc_sq_lat          115.32   115.20   115.23   115.40
fiat_mul_nb        154.17   154.06   154.08   154.25
fiat_sq_nb         122.98   122.88   122.89   123.06
copt_mul_nb        141.39   141.27   141.30   141.47
copt_sq_nb         119.02   118.91   118.93   119.10
a51_mul_nb         145.96   145.84   145.87   146.05
a51_sq_nb          120.28   120.16   120.19   120.35
hc_mul_nb          154.27   154.16   154.19   154.35
hc_sq_nb           115.32   115.20   115.23   115.40
fiat_mul_tput      153.17   152.12   152.95   153.43
fiat_sq_tput       119.04   118.91   118.95   119.12
copt_mul_tput      139.72   139.59   139.62   139.81
copt_sq_tput       120.05   119.92   119.95   120.14
a51_mul_tput       145.98   145.84   145.88   146.06
a51_sq_tput        120.08   119.95   119.98   120.16
hc_mul_tput        152.88   152.76   152.79   152.97
hc_sq_tput         117.09   116.96   116.99   117.16
ossl_mul_lat        98.11    97.98    98.02    98.19
ossl_sq_lat         72.43    72.34    72.36    72.50
ossl_mul_nb         98.09    97.98    98.02    98.17
ossl_sq_nb          72.45    72.33    72.36    72.52
ossl_mul_tput       97.35    97.23    97.27    97.43
ossl_sq_tput        72.46    72.34    72.40    72.54
s2n_mul_lat        111.38   108.99   111.29   111.46
s2n_sq_lat         107.62   106.46   107.54   107.70
s2n_mul_nb         111.38   108.80   111.28   111.47
s2n_sq_nb          107.62   106.70   107.54   107.70
s2n_mul_tput       108.40   108.23   108.30   108.48
s2n_sq_tput        103.74   103.61   103.65   103.82
nfloor_mul           9.15     9.11     9.12     9.16
nfloor_sq            6.20     6.16     6.18     6.22
floor_mul_lat       15.32    15.27    15.30    15.34
floor_sq_lat        15.80    15.76    15.78    15.84
floor_mul_tput      15.31    15.26    15.29    15.34
floor_sq_tput       15.82    15.77    15.80    15.84
uc_mul_recheck     103.80   103.68   103.73   103.88
