# bench_kernel raw arms: label median min p10 p90 (cycles/op, pooled)
# root=1 ops_per_sample=128 samples=50 phases=20 pooled=1000 core=1
uc_mul_lat         103.79   103.68   103.71   103.87
uc_sq_lat           72.97    72.87    72.90    73.03
uc_mul_tput        100.90   100.78   100.81   100.98
uc_sq_tput          69.98    69.88    69.90    70.04
wrap_mul            10.18    10.14    10.16    10.20
wrap_sq              7.22     7.19     7.20     7.24
uc_alt_lat          87.94    87.83    87.87    88.01
uc_scat_lat        103.81   103.70   103.73   103.90
ossl_alt_lat        85.63    85.53    85.55    85.70
fiat_alt_lat       118.06   117.91   117.95   118.23
fiat_mul_lat       127.84   127.73   127.75   127.93
fiat_sq_lat        107.09   106.96   107.00   107.16
copt_mul_lat       141.38   141.25   141.29   141.45
copt_sq_lat        121.05   120.92   120.95   121.12
a51_mul_lat        145.95   145.83   145.86   146.03
a51_sq_lat         118.79   118.66   118.70   118.87
hc_mul_lat         143.64   142.99   143.42   143.77
hc_sq_lat          110.77   109.72   109.77   111.90
fiat_mul_nb        127.84   127.73   127.75   127.92
fiat_sq_nb         107.08   106.97   107.00   107.16
copt_mul_nb        141.38   141.25   141.29   141.45
copt_sq_nb         121.05   120.93   120.95   121.12
a51_mul_nb         145.95   145.83   145.86   146.03
a51_sq_nb          118.79   118.67   118.70   118.87
hc_mul_nb          143.62   142.82   143.12   143.76
hc_sq_nb           110.80   109.72   109.79   111.88
fiat_mul_tput      122.62   122.49   122.52   122.70
fiat_sq_tput       106.62   106.50   106.53   106.70
copt_mul_tput      138.73   138.62   138.65   138.81
copt_sq_tput       121.05   120.92   120.95   121.12
a51_mul_tput       145.95   145.83   145.86   146.03
a51_sq_tput        119.53   119.38   119.44   119.61
hc_mul_tput        133.26   133.08   133.16   133.36
hc_sq_tput         107.91   107.73   107.77   108.42
ossl_mul_lat        97.09    96.98    97.01    97.16
ossl_sq_lat         73.17    73.07    73.10    73.23
ossl_mul_nb         97.09    96.98    97.00    97.16
ossl_sq_nb          73.17    73.07    73.10    73.23
ossl_mul_tput       97.09    96.98    97.00    97.16
ossl_sq_tput        73.17    73.08    73.10    73.23
s2n_mul_lat        110.44   110.31   110.34   110.52
s2n_sq_lat         105.89   105.78   105.81   105.98
s2n_mul_nb         110.44   110.31   110.34   110.52
s2n_sq_nb          105.89   105.78   105.81   105.98
s2n_mul_tput       107.78   107.66   107.69   107.86
s2n_sq_tput        105.38   104.84   105.28   105.45
nfloor_mul          10.15     9.38    10.13    10.17
nfloor_sq            6.36     6.32     6.34     6.38
floor_mul_lat       15.17    15.12    15.14    15.19
floor_sq_lat        15.66    15.62    15.65    15.70
floor_mul_tput      15.17    15.12    15.16    15.19
floor_sq_tput       15.66    15.62    15.65    15.70
uc_mul_recheck     103.77   103.68   103.70   103.85
