# bench_kernel raw arms: label median min p10 p90 (cycles/op, pooled)
# root=1 ops_per_sample=128 samples=50 phases=20 pooled=1000 core=1
uc_mul_lat         103.81   103.70   103.73   103.89
uc_sq_lat           72.92    72.81    72.84    72.98
uc_mul_tput        100.85   100.73   100.77   100.92
uc_sq_tput          69.95    69.85    69.87    70.01
wrap_mul            10.13    10.09    10.12    10.15
wrap_sq              7.22     7.18     7.20     7.23
uc_alt_lat          87.88    87.79    87.82    87.96
uc_scat_lat        103.81   103.70   103.73   103.90
ossl_alt_lat        85.66    85.04    85.58    85.73
fiat_alt_lat       140.70   140.59   140.62   140.79
fiat_mul_lat       161.09   160.97   161.00   161.17
fiat_sq_lat        123.74   123.62   123.65   123.83
copt_mul_lat       141.31   141.20   141.23   141.39
copt_sq_lat        118.80   118.69   118.71   118.88
a51_mul_lat        146.02   145.89   145.92   146.09
a51_sq_lat         120.77   120.66   120.68   120.85
hc_mul_lat         166.58   166.30   166.49   166.66
hc_sq_lat          106.29   106.15   106.20   106.37
fiat_mul_nb        161.09   160.98   161.01   161.17
fiat_sq_nb         123.73   123.62   123.65   123.81
copt_mul_nb        141.31   141.20   141.23   141.39
copt_sq_nb         118.80   118.68   118.71   118.88
a51_mul_nb         146.02   145.89   145.92   146.09
a51_sq_nb          120.77   120.66   120.68   120.85
hc_mul_nb          166.58   166.12   166.48   166.65
hc_sq_nb           104.62   104.50   104.53   104.70
fiat_mul_tput      161.11   160.98   161.02   161.20
fiat_sq_tput       118.83   118.70   118.73   118.90
copt_mul_tput      139.29   139.14   139.19   139.37
copt_sq_tput       120.06   119.93   119.96   120.14
a51_mul_tput       145.71   145.59   145.62   145.79
a51_sq_tput        120.80   120.68   120.71   120.88
hc_mul_tput        162.31   161.98   162.15   162.42
hc_sq_tput         108.67   108.54   108.57   108.75
ossl_mul_lat        97.62    97.51    97.52    97.69
ossl_sq_lat         72.46    72.35    72.38    72.52
ossl_mul_nb         97.62    97.52    97.54    97.70
ossl_sq_nb          72.45    72.35    72.38    72.52
ossl_mul_tput       97.12    97.01    97.05    97.20
ossl_sq_tput        72.48    72.37    72.41    72.55
s2n_mul_lat        110.91   110.80   110.82   110.99
s2n_sq_lat         107.43   107.30   107.34   107.51
s2n_mul_nb         110.91   109.22   110.82   110.99
s2n_sq_nb          107.42   107.30   107.34   107.50
s2n_mul_tput       105.17   105.00   105.06   105.28
s2n_sq_tput        102.34   102.22   102.25   102.42
nfloor_mul           9.15     9.11     9.12     9.16
nfloor_sq            7.16     6.65     7.14     7.17
floor_mul_lat       15.14    15.09    15.11    15.16
floor_sq_lat        15.63    15.59    15.62    15.66
floor_mul_tput      15.14    15.09    15.11    15.16
floor_sq_tput       15.63    15.60    15.62    15.66
uc_mul_recheck     103.83   103.71   103.73   103.88
