# bench_kernel raw arms: label median min p10 p90 (cycles/op, pooled)
# root=1 ops_per_sample=128 samples=50 phases=20 pooled=1000 core=1
uc_mul_lat         103.76   103.63   103.66   103.84
uc_sq_lat           73.05    72.94    72.97    73.11
uc_mul_tput        100.95   100.84   100.87   101.02
uc_sq_tput          70.01    69.91    69.94    70.07
wrap_mul            10.21    10.17    10.20    10.23
wrap_sq              7.78     7.75     7.77     7.80
uc_alt_lat          87.97    87.87    87.90    88.05
uc_scat_lat        103.76   103.63   103.66   103.83
ossl_alt_lat        85.63    85.53    85.55    85.70
fiat_alt_lat       119.30   119.17   119.20   119.38
fiat_mul_lat       128.48   128.37   128.40   128.57
fiat_sq_lat        111.09   110.97   110.99   111.25
copt_mul_lat       141.38   141.26   141.29   141.45
copt_sq_lat        121.05   120.93   120.95   121.12
a51_mul_lat        145.95   145.83   145.86   146.03
a51_sq_lat         118.79   118.67   118.70   118.87
hc_mul_lat         141.72   141.59   141.62   141.80
hc_sq_lat          111.11   110.98   111.02   111.19
fiat_mul_nb        128.49   128.37   128.40   128.57
fiat_sq_nb         111.12   110.97   111.00   111.41
copt_mul_nb        141.38   141.25   141.29   141.45
copt_sq_nb         121.05   120.92   120.96   121.12
a51_mul_nb         145.95   145.83   145.86   146.03
a51_sq_nb          118.79   118.67   118.70   118.87
hc_mul_nb          141.71   141.59   141.62   141.80
hc_sq_nb           111.11   110.98   111.02   111.19
fiat_mul_tput      134.48   134.34   134.38   134.93
fiat_sq_tput       111.54   111.38   111.41   111.85
copt_mul_tput      138.73   138.61   138.65   138.81
copt_sq_tput       121.05   120.92   120.95   121.12
a51_mul_tput       145.95   145.83   145.86   146.03
a51_sq_tput        120.55   120.43   120.46   120.63
hc_mul_tput        141.27   141.15   141.18   141.34
hc_sq_tput         117.28   117.16   117.20   117.36
ossl_mul_lat        97.09    96.98    97.00    97.16
ossl_sq_lat         73.17    73.07    73.10    73.23
ossl_mul_nb         97.09    96.98    97.01    97.16
ossl_sq_nb          73.17    73.08    73.10    73.23
ossl_mul_tput       97.09    96.98    97.00    97.17
ossl_sq_tput        73.17    73.08    73.10    73.23
s2n_mul_lat        110.44   110.31   110.34   110.52
s2n_sq_lat         105.89   105.78   105.81   105.98
s2n_mul_nb         110.44   110.31   110.34   110.51
s2n_sq_nb          105.90   105.78   105.81   105.98
s2n_mul_tput       107.78   107.66   107.69   107.86
s2n_sq_tput        105.38   105.14   105.29   105.45
nfloor_mul          10.15    10.11    10.13    10.17
nfloor_sq            6.36     6.32     6.34     6.39
floor_mul_lat       15.26    15.21    15.23    15.28
floor_sq_lat        15.70    15.66    15.68    15.73
floor_mul_tput      15.25    15.21    15.23    15.28
floor_sq_tput       15.70    15.65    15.68    15.73
uc_mul_recheck     103.74   103.62   103.64   103.80
