# bench_kernel raw arms: label median min p10 p90 (cycles/op, pooled)
# root=1 ops_per_sample=128 samples=50 phases=20 pooled=1000 core=1
uc_mul_lat         103.80   103.68   103.71   103.88
uc_sq_lat           73.17    73.07    73.10    73.23
uc_mul_tput        100.95   100.83   100.86   101.02
uc_sq_tput          70.09    70.00    70.02    70.16
wrap_mul            10.24    10.20    10.21    10.26
wrap_sq              7.35     7.32     7.34     7.38
uc_alt_lat          87.91    87.81    87.84    87.99
uc_scat_lat        103.74   103.63   103.66   103.82
ossl_alt_lat        86.70    86.60    86.62    86.77
fiat_alt_lat       122.13   122.02   122.05   122.22
fiat_mul_lat       136.50   136.38   136.41   136.59
fiat_sq_lat        108.35   108.24   108.27   108.43
copt_mul_lat       147.11   146.98   147.02   147.20
copt_sq_lat        121.08   120.95   120.98   121.16
a51_mul_lat        145.95   145.84   145.87   146.05
a51_sq_lat         120.56   120.45   120.48   120.64
hc_mul_lat         148.10   147.97   148.02   148.19
hc_sq_lat          122.54   122.43   122.45   122.62
fiat_mul_nb        136.49   136.38   136.41   136.58
fiat_sq_nb         108.35   108.23   108.27   108.43
copt_mul_nb        147.09   146.98   147.00   147.17
copt_sq_nb         121.06   120.95   120.98   121.16
a51_mul_nb         146.20   146.09   146.12   146.29
a51_sq_nb          120.55   120.43   120.46   120.63
hc_mul_nb          147.78   147.62   147.70   147.88
hc_sq_nb           122.45   122.33   122.35   122.52
fiat_mul_tput      136.02   135.91   135.94   136.11
fiat_sq_tput       108.35   108.24   108.27   108.43
copt_mul_tput      144.55   143.84   144.47   144.63
copt_sq_tput       124.55   124.44   124.47   124.64
a51_mul_tput       147.84   147.73   147.77   147.94
a51_sq_tput        121.34   121.20   121.24   121.45
hc_mul_tput        149.24   149.12   149.15   149.32
hc_sq_tput         122.70   122.58   122.61   122.78
ossl_mul_lat       100.66   100.55   100.58   100.73
ossl_sq_lat         72.59    72.48    72.51    72.65
ossl_mul_nb        100.66   100.54   100.57   100.73
ossl_sq_nb          72.52    72.43    72.45    72.59
ossl_mul_tput      101.99   101.88   101.91   102.08
ossl_sq_tput        72.45    72.35    72.38    72.52
s2n_mul_lat        110.85   110.73   110.76   110.93
s2n_sq_lat         108.56   108.45   108.48   108.64
s2n_mul_nb         110.35   110.23   110.27   110.44
s2n_sq_nb          105.05   104.93   104.95   105.12
s2n_mul_tput       109.70   109.55   109.61   109.78
s2n_sq_tput        104.58   102.71   104.49   104.66
nfloor_mul          13.23    13.18    13.20    13.25
nfloor_sq            8.36     8.32     8.34     8.38
floor_mul_lat       15.27    15.23    15.25    15.29
floor_sq_lat        15.77    15.72    15.74    15.79
floor_mul_tput      15.27    15.23    15.25    15.29
floor_sq_tput       15.77    15.72    15.74    15.79
uc_mul_recheck     103.76   103.66   103.66   103.82
