# bench_kernel raw arms: label median min p10 p90 (cycles/op, pooled)
# root=1 ops_per_sample=128 samples=50 phases=20 pooled=1000 core=1
uc_mul_lat         103.73   103.62   103.65   103.81
uc_sq_lat           73.02    72.92    72.95    73.09
uc_mul_tput        100.95   100.84   100.87   101.02
uc_sq_tput          70.00    69.91    69.93    70.07
wrap_mul            10.21    10.16    10.18    10.23
wrap_sq              7.77     7.73     7.76     7.80
uc_alt_lat          87.98    87.88    87.91    88.05
uc_scat_lat        103.73   103.62   103.65   103.81
ossl_alt_lat        85.63    85.52    85.55    85.70
fiat_alt_lat       121.54   121.42   121.45   121.63
fiat_mul_lat       129.76   129.64   129.67   129.84
fiat_sq_lat        112.57   112.45   112.48   112.65
copt_mul_lat       141.38   141.25   141.28   141.45
copt_sq_lat        121.05   120.92   120.95   121.12
a51_mul_lat        145.95   145.83   145.86   146.03
a51_sq_lat         118.79   118.66   118.70   118.87
hc_mul_lat         150.90   150.79   150.81   150.98
hc_sq_lat          118.79   118.67   118.70   118.87
fiat_mul_nb        129.77   129.65   129.67   129.84
fiat_sq_nb         112.55   112.45   112.48   112.65
copt_mul_nb        141.38   141.25   141.29   141.45
copt_sq_nb         121.05   120.92   120.95   121.12
a51_mul_nb         145.95   145.83   145.86   146.03
a51_sq_nb          118.79   118.67   118.70   118.87
hc_mul_nb          150.90   150.78   150.81   150.98
hc_sq_nb           118.79   118.66   118.70   118.87
fiat_mul_tput      129.77   129.64   129.67   129.84
fiat_sq_tput       112.56   112.45   112.48   112.64
copt_mul_tput      138.73   138.62   138.65   138.81
copt_sq_tput       121.05   120.92   120.95   121.12
a51_mul_tput       145.95   145.83   145.86   146.03
a51_sq_tput        119.53   119.41   119.44   119.61
hc_mul_tput        150.90   150.78   150.81   150.98
hc_sq_tput         118.79   118.67   118.70   118.87
ossl_mul_lat        97.09    96.98    97.00    97.16
ossl_sq_lat         73.17    73.08    73.10    73.23
ossl_mul_nb         97.09    96.98    97.00    97.16
ossl_sq_nb          73.17    73.07    73.10    73.23
ossl_mul_tput       97.09    96.98    97.00    97.16
ossl_sq_tput        73.17    73.08    73.10    73.23
s2n_mul_lat        110.38   110.26   110.29   110.45
s2n_sq_lat         105.91   105.78   105.81   105.98
s2n_mul_nb         110.42   110.31   110.34   110.52
s2n_sq_nb          105.91   105.78   105.81   105.97
s2n_mul_tput       107.77   107.66   107.69   107.86
s2n_sq_tput        105.37   105.08   105.28   105.45
nfloor_mul          13.65    13.60    13.62    13.66
nfloor_sq            7.51     7.48     7.49     7.54
floor_mul_lat       15.25    15.20    15.22    15.27
floor_sq_lat        15.68    15.63    15.66    15.70
floor_mul_tput      15.25    15.20    15.23    15.27
floor_sq_tput       15.68    15.63    15.66    15.70
uc_mul_recheck     103.77   103.68   103.71   103.87
