# bench_kernel raw arms: label median min p10 p90 (cycles/op, pooled)
# root=1 ops_per_sample=128 samples=50 phases=20 pooled=1000 core=1
uc_mul_lat         103.76   103.66   103.68   103.84
uc_sq_lat           73.05    72.95    72.98    73.12
uc_mul_tput        100.98   100.87   100.90   101.05
uc_sq_tput          70.03    69.95    69.97    70.09
wrap_mul            10.23    10.18    10.20    10.24
wrap_sq              7.30     7.27     7.28     7.32
uc_alt_lat          88.06    87.97    88.00    88.16
uc_scat_lat        103.76   103.65   103.68   103.84
ossl_alt_lat        84.69    84.58    84.61    84.75
fiat_alt_lat       129.52   129.36   129.44   129.60
fiat_mul_lat       140.46   140.11   140.38   140.55
fiat_sq_lat        119.30   119.19   119.22   119.38
copt_mul_lat       141.98   141.80   141.89   142.06
copt_sq_lat        118.84   118.72   118.74   118.91
a51_mul_lat        145.95   145.84   145.87   146.05
a51_sq_lat         120.30   120.19   120.20   120.38
hc_mul_lat         149.93   149.82   149.84   150.01
hc_sq_lat          120.02   119.87   119.93   120.10
fiat_mul_nb        140.00   139.64   139.91   140.09
fiat_sq_nb         119.31   119.19   119.22   119.39
copt_mul_nb        141.96   141.74   141.88   142.05
copt_sq_nb         118.84   118.72   118.74   118.91
a51_mul_nb         145.95   145.84   145.87   146.05
a51_sq_nb          120.31   120.19   120.22   120.39
hc_mul_nb          149.95   149.84   149.87   150.03
hc_sq_nb           119.77   119.66   119.69   119.85
fiat_mul_tput      138.98   138.87   138.89   139.06
fiat_sq_tput       119.30   119.19   119.22   119.39
copt_mul_tput      138.77   138.66   138.69   138.86
copt_sq_tput       121.05   120.94   120.97   121.12
a51_mul_tput       145.95   145.83   145.86   146.03
a51_sq_tput        119.79   119.65   119.71   119.88
hc_mul_tput        151.91   151.79   151.82   151.99
hc_sq_tput         119.80   119.68   119.71   119.88
ossl_mul_lat        98.09    97.43    98.02    98.16
ossl_sq_lat         72.44    72.34    72.37    72.51
ossl_mul_nb         98.09    97.31    98.01    98.17
ossl_sq_nb          72.44    72.34    72.37    72.51
ossl_mul_tput       97.09    96.98    97.02    97.17
ossl_sq_tput        72.85    72.75    72.78    72.91
s2n_mul_lat        108.83   108.72   108.75   108.91
s2n_sq_lat         107.98   107.86   107.89   108.05
s2n_mul_nb         108.84   108.72   108.75   108.91
s2n_sq_nb          107.98   107.86   107.89   108.05
s2n_mul_tput       105.06   104.95   104.97   105.14
s2n_sq_tput        101.78   101.66   101.70   101.86
nfloor_mul          12.17    12.13    12.15    12.20
nfloor_sq            7.43     7.40     7.41     7.45
floor_mul_lat       15.27    15.23    15.25    15.30
floor_sq_lat        15.77    15.72    15.74    15.79
floor_mul_tput      15.27    15.23    15.25    15.30
floor_sq_tput       15.71    15.66    15.68    15.73
uc_mul_recheck     103.74   103.63   103.65   103.82
