# bench_kernel raw arms: label median min p10 p90 (cycles/op, pooled)
# root=1 ops_per_sample=128 samples=50 phases=20 pooled=1000 core=1
uc_mul_lat         103.80   103.70   103.73   103.89
uc_sq_lat           73.08    72.97    73.00    73.14
uc_mul_tput        100.95   100.84   100.87   101.03
uc_sq_tput          70.04    69.93    69.96    70.10
wrap_mul            10.27    10.23    10.24    10.29
wrap_sq              7.77     7.73     7.76     7.80
uc_alt_lat          88.03    87.91    87.95    88.11
uc_scat_lat        103.82   103.70   103.73   103.90
ossl_alt_lat        84.69    84.58    84.61    84.75
fiat_alt_lat       139.24   139.12   139.15   139.32
fiat_mul_lat       159.77   159.66   159.69   159.85
fiat_sq_lat        123.73   123.62   123.64   123.81
copt_mul_lat       141.39   141.27   141.30   141.47
copt_sq_lat        118.80   118.69   118.71   118.88
a51_mul_lat        145.96   145.84   145.87   146.05
a51_sq_lat         120.30   120.18   120.20   120.38
hc_mul_lat         162.59   162.36   162.51   162.66
hc_sq_lat          115.32   115.19   115.23   115.40
fiat_mul_nb        159.77   159.66   159.69   159.85
fiat_sq_nb         123.73   123.61   123.64   123.81
copt_mul_nb        141.39   141.27   141.30   141.47
copt_sq_nb         118.80   118.69   118.71   118.88
a51_mul_nb         145.95   145.84   145.87   146.05
a51_sq_nb          120.30   120.19   120.22   120.38
hc_mul_nb          162.59   162.48   162.51   162.66
hc_sq_nb           115.32   115.20   115.23   115.40
fiat_mul_tput      157.30   157.18   157.21   157.39
fiat_sq_tput       118.81   118.70   118.73   118.90
copt_mul_tput      139.41   139.29   139.32   139.50
copt_sq_tput       120.31   120.19   120.22   120.39
a51_mul_tput       146.03   145.91   145.94   146.12
a51_sq_tput        120.10   119.98   120.01   120.19
hc_mul_tput        162.46   162.33   162.36   162.66
hc_sq_tput         115.81   115.69   115.72   115.90
ossl_mul_lat        97.11    96.99    97.02    97.19
ossl_sq_lat         72.48    72.38    72.41    72.54
ossl_mul_nb         97.11    97.00    97.03    97.19
ossl_sq_nb          72.48    72.38    72.41    72.54
ossl_mul_tput       97.11    96.98    97.02    97.19
ossl_sq_tput        72.46    72.37    72.39    72.54
s2n_mul_lat        108.91   108.79   108.81   108.99
s2n_sq_lat         107.58   107.11   107.49   107.66
s2n_mul_nb         108.91   108.79   108.82   108.99
s2n_sq_nb          107.59   106.54   107.49   107.66
s2n_mul_tput       108.39   108.18   108.30   108.50
s2n_sq_tput        104.22   103.77   104.14   104.31
nfloor_mul           9.14     9.10     9.12     9.16
nfloor_sq            7.34     7.31     7.33     7.37
floor_mul_lat       15.31    15.26    15.28    15.34
floor_sq_lat        15.81    15.76    15.78    15.84
floor_mul_tput      15.32    15.27    15.30    15.34
floor_sq_tput       15.81    15.76    15.79    15.84
uc_mul_recheck     103.82   103.70   103.73   103.89
