# bench_kernel raw arms: label median min p10 p90 (cycles/op, pooled)
# root=1 ops_per_sample=128 samples=50 phases=20 pooled=1000 core=1
uc_mul_lat         103.77   103.66   103.70   103.85
uc_sq_lat           72.91    72.81    72.84    72.97
uc_mul_tput        100.83   100.72   100.75   100.91
uc_sq_tput          69.95    69.85    69.88    70.01
wrap_mul            10.13    10.09    10.12    10.15
wrap_sq              7.20     7.16     7.19     7.22
uc_alt_lat          87.88    87.77    87.79    87.95
uc_scat_lat        103.77   103.66   103.70   103.85
ossl_alt_lat        85.63    85.02    85.56    85.70
fiat_alt_lat       128.25   128.06   128.14   128.33
fiat_mul_lat       146.14   145.97   146.05   146.23
fiat_sq_lat        112.33   112.16   112.22   113.51
copt_mul_lat       141.31   141.20   141.23   141.40
copt_sq_lat        119.80   119.69   119.72   119.89
a51_mul_lat        145.95   145.83   145.86   146.03
a51_sq_lat         120.78   120.66   120.70   120.87
hc_mul_lat         140.50   140.32   140.41   140.59
hc_sq_lat          104.87   104.52   104.77   104.97
fiat_mul_nb        142.55   138.78   141.53   142.66
fiat_sq_nb         108.14   107.32   107.45   108.24
copt_mul_nb        141.31   141.20   141.23   141.39
copt_sq_nb         119.80   119.69   119.73   119.88
a51_mul_nb         145.95   145.83   145.86   146.03
a51_sq_nb          120.78   120.66   120.70   120.86
hc_mul_nb          140.36   140.13   140.27   140.45
hc_sq_nb           105.36   105.22   105.25   105.54
fiat_mul_tput      150.84   150.58   150.74   150.93
fiat_sq_tput       112.16   112.00   112.05   112.40
copt_mul_tput      140.91   140.78   140.81   141.00
copt_sq_tput       121.80   121.66   121.70   121.88
a51_mul_tput       145.95   145.83   145.86   146.05
a51_sq_tput        121.08   120.94   120.98   121.16
hc_mul_tput        144.49   144.36   144.39   144.77
hc_sq_tput         107.44   107.32   107.35   107.52
ossl_mul_lat        97.12    97.02    97.05    97.20
ossl_sq_lat         72.45    72.35    72.38    72.51
ossl_mul_nb         97.12    97.02    97.05    97.20
ossl_sq_nb          72.45    72.35    72.38    72.51
ossl_mul_tput       97.09    96.98    97.01    97.17
ossl_sq_tput        72.50    72.34    72.43    72.57
s2n_mul_lat        108.88   108.75   108.78   108.97
s2n_sq_lat         107.43   107.30   107.34   107.51
s2n_mul_nb         108.88   108.75   108.78   108.96
s2n_sq_nb          107.42   107.30   107.34   107.51
s2n_mul_tput       110.32   109.55   110.22   110.41
s2n_sq_tput        107.03   106.88   106.94   107.12
nfloor_mul           9.16     9.12     9.13     9.17
nfloor_sq            6.35     6.31     6.34     6.41
floor_mul_lat       15.13    15.09    15.11    15.16
floor_sq_lat        15.63    15.59    15.60    15.65
floor_mul_tput      15.12    15.09    15.11    15.16
floor_sq_tput       15.63    15.59    15.60    15.65
uc_mul_recheck     103.79   103.66   103.70   103.85
