# bench_kernel raw arms: label median min p10 p90 (cycles/op, pooled)
# root=1 ops_per_sample=128 samples=50 phases=20 pooled=1000 core=1
uc_mul_lat         103.77   103.66   103.70   103.85
uc_sq_lat           72.91    72.80    72.84    72.97
uc_mul_tput        100.83   100.71   100.73   100.90
uc_sq_tput          69.95    69.85    69.88    70.01
wrap_mul            10.13    10.09    10.12    10.15
wrap_sq              7.20     7.16     7.19     7.22
uc_alt_lat          87.87    87.76    87.79    87.95
uc_scat_lat        103.77   103.66   103.70   103.85
ossl_alt_lat        85.63    85.15    85.56    85.70
fiat_alt_lat       147.09   146.91   147.00   147.16
fiat_mul_lat       153.92   153.81   153.84   154.01
fiat_sq_lat        125.72   125.59   125.62   125.80
copt_mul_lat       141.31   141.19   141.23   141.39
copt_sq_lat        118.82   118.71   118.74   118.91
a51_mul_lat        145.95   145.83   145.86   146.03
a51_sq_lat         120.77   120.66   120.70   120.86
hc_mul_lat         162.65   162.54   162.57   162.73
hc_sq_lat          106.41   106.26   106.32   106.49
fiat_mul_nb        153.93   153.82   153.84   154.01
fiat_sq_nb         125.72   125.59   125.62   125.80
copt_mul_nb        141.31   141.20   141.23   141.39
copt_sq_nb         118.82   118.71   118.74   118.91
a51_mul_nb         145.95   145.83   145.86   146.03
a51_sq_nb          120.78   120.66   120.70   120.86
hc_mul_nb          162.65   162.54   162.57   162.73
hc_sq_nb           104.59   104.47   104.50   104.66
fiat_mul_tput      152.95   152.82   152.85   153.03
fiat_sq_tput       120.80   120.68   120.71   120.89
copt_mul_tput      139.25   139.12   139.15   139.33
copt_sq_tput       120.79   120.68   120.70   120.88
a51_mul_tput       145.95   145.83   145.86   146.05
a51_sq_tput        121.08   120.93   120.98   121.16
hc_mul_tput        158.61   158.47   158.52   158.71
hc_sq_tput         106.92   106.81   106.83   107.02
ossl_mul_lat        97.12    97.02    97.05    97.20
ossl_sq_lat         72.45    72.35    72.38    72.51
ossl_mul_nb         97.12    97.02    97.05    97.20
ossl_sq_nb          72.45    72.35    72.38    72.51
ossl_mul_tput       97.09    96.98    97.00    97.17
ossl_sq_tput        72.49    72.35    72.43    72.57
s2n_mul_lat        108.88   108.75   108.78   108.96
s2n_sq_lat         107.43   107.30   107.34   107.51
s2n_mul_nb         108.88   108.75   108.78   108.96
s2n_sq_nb          107.42   107.30   107.34   107.51
s2n_mul_tput       104.95   104.79   104.86   105.06
s2n_sq_tput        101.87   101.74   101.77   101.96
nfloor_mul           9.16     9.12     9.13     9.17
nfloor_sq            6.38     6.34     6.36     6.39
floor_mul_lat       15.12    15.09    15.11    15.16
floor_sq_lat        15.63    15.59    15.60    15.65
floor_mul_tput      15.13    15.09    15.11    15.16
floor_sq_tput       15.63    15.59    15.60    15.65
uc_mul_recheck     103.76   103.68   103.70   103.85
