# bench_kernel raw arms: label median min p10 p90 (cycles/op, pooled)
# root=1 ops_per_sample=128 samples=50 phases=20 pooled=1000 core=1
uc_mul_lat         103.82   103.70   103.73   103.90
uc_sq_lat           72.91    72.81    72.84    72.98
uc_mul_tput        100.85   100.73   100.77   100.93
uc_sq_tput          69.95    69.85    69.87    70.01
wrap_mul            10.13    10.09    10.12    10.15
wrap_sq              7.22     7.18     7.20     7.23
uc_alt_lat          87.89    87.78    87.81    87.96
uc_scat_lat        103.82   103.70   103.73   103.89
ossl_alt_lat        84.66    84.55    84.58    84.72
fiat_alt_lat       132.50   132.34   132.40   132.59
fiat_mul_lat       151.56   151.41   151.45   151.68
fiat_sq_lat        115.03   114.91   114.94   115.12
copt_mul_lat       141.38   141.27   141.29   141.46
copt_sq_lat        118.80   118.68   118.71   118.88
a51_mul_lat        145.98   145.85   145.88   146.06
a51_sq_lat         120.77   120.66   120.68   120.85
hc_mul_lat         140.17   140.04   140.06   140.26
hc_sq_lat          106.46   106.30   106.37   106.55
fiat_mul_nb        142.76   142.58   142.66   142.86
fiat_sq_nb         109.47   109.31   109.35   109.96
copt_mul_nb        141.38   141.27   141.29   141.47
copt_sq_nb         118.80   118.69   118.71   118.88
a51_mul_nb         145.97   145.85   145.88   146.05
a51_sq_nb          120.77   120.66   120.68   120.85
hc_mul_nb          136.66   136.52   136.57   136.76
hc_sq_nb           103.91   103.79   103.82   103.99
fiat_mul_tput      152.11   151.98   152.01   152.20
fiat_sq_tput       111.34   111.22   111.25   111.42
copt_mul_tput      139.27   139.15   139.18   139.35
copt_sq_tput       120.06   119.93   119.96   120.16
a51_mul_tput       145.71   145.59   145.62   145.80
a51_sq_tput        120.81   120.68   120.71   120.92
hc_mul_tput        144.79   144.66   144.70   144.88
hc_sq_tput         108.62   108.50   108.54   108.71
ossl_mul_lat        97.60    97.51    97.52    97.69
ossl_sq_lat         72.45    72.35    72.38    72.52
ossl_mul_nb         97.59    97.49    97.51    97.67
ossl_sq_nb          72.45    72.35    72.38    72.52
ossl_mul_tput       97.16    97.03    97.06    97.23
ossl_sq_tput        72.48    72.36    72.41    72.55
s2n_mul_lat        110.91   110.80   110.82   110.99
s2n_sq_lat         107.43   107.32   107.34   107.50
s2n_mul_nb         110.91   109.18   110.82   110.99
s2n_sq_nb          107.43   107.30   107.34   107.51
s2n_mul_tput       105.17   105.05   105.06   105.28
s2n_sq_tput        102.34   102.22   102.25   102.42
nfloor_mul           9.15     9.11     9.12     9.16
nfloor_sq            7.16     6.66     7.14     7.17
floor_mul_lat       15.14    15.09    15.12    15.16
floor_sq_lat        15.63    15.59    15.62    15.66
floor_mul_tput      15.14    15.09    15.11    15.16
floor_sq_tput       15.63    15.59    15.62    15.66
uc_mul_recheck     103.80   103.71   103.74   103.90
