# bench_kernel raw arms: label median min p10 p90 (cycles/op, pooled)
# root=1 ops_per_sample=128 samples=50 phases=20 pooled=1000 core=1
uc_mul_lat         103.74   103.63   103.66   103.82
uc_sq_lat           73.05    72.95    72.98    73.11
uc_mul_tput        100.95   100.84   100.88   101.04
uc_sq_tput          70.02    69.93    69.96    70.09
wrap_mul            10.21    10.16    10.18    10.23
wrap_sq              7.28     7.25     7.27     7.30
uc_alt_lat          88.02    87.91    87.95    88.09
uc_scat_lat        103.74   103.63   103.66   103.83
ossl_alt_lat        84.67    84.56    84.59    84.73
fiat_alt_lat       124.30   124.18   124.21   124.38
fiat_mul_lat       134.48   134.38   134.41   134.58
fiat_sq_lat        115.32   115.20   115.23   115.40
copt_mul_lat       141.98   141.64   141.89   142.07
copt_sq_lat        119.07   118.95   118.99   119.16
a51_mul_lat        145.97   145.85   145.88   146.05
a51_sq_lat         120.30   120.19   120.22   120.38
hc_mul_lat         155.27   154.81   155.19   155.35
hc_sq_lat          120.47   120.35   120.38   120.55
fiat_mul_nb        134.50   134.38   134.41   134.58
fiat_sq_nb         115.32   115.20   115.23   115.40
copt_mul_nb        141.98   141.70   141.89   142.05
copt_sq_nb         119.07   118.95   118.99   119.16
a51_mul_nb         145.97   145.85   145.88   146.06
a51_sq_nb          120.30   120.19   120.22   120.39
hc_mul_nb          155.27   155.16   155.19   155.35
hc_sq_nb           120.46   120.35   120.38   120.55
fiat_mul_tput      133.99   133.87   133.90   134.07
fiat_sq_tput       115.56   115.45   115.48   115.64
copt_mul_tput      138.72   138.60   138.63   138.80
copt_sq_tput       121.06   120.94   120.97   121.14
a51_mul_tput       145.94   145.83   145.85   146.02
a51_sq_tput        119.80   119.70   119.72   119.88
hc_mul_tput        151.23   151.11   151.14   151.31
hc_sq_tput         121.05   120.94   120.96   121.14
ossl_mul_lat        98.08    97.17    98.00    98.16
ossl_sq_lat         72.44    72.34    72.38    72.51
ossl_mul_nb         98.08    97.59    98.00    98.16
ossl_sq_nb          72.44    72.34    72.37    72.51
ossl_mul_tput       97.11    97.00    97.02    97.17
ossl_sq_tput        72.84    72.75    72.78    72.91
s2n_mul_lat        112.47   108.88   112.38   112.55
s2n_sq_lat         108.05   107.93   107.96   108.12
s2n_mul_nb         112.47   108.95   112.39   112.55
s2n_sq_nb          108.04   107.93   107.96   108.12
s2n_mul_tput       105.06   104.95   104.97   105.14
s2n_sq_tput        101.78   101.67   101.70   101.86
nfloor_mul          12.17    12.13    12.16    12.20
nfloor_sq            7.43     7.40     7.41     7.45
floor_mul_lat       15.27    15.22    15.23    15.28
floor_sq_lat        15.70    15.64    15.66    15.71
floor_mul_tput      15.25    15.20    15.23    15.27
floor_sq_tput       15.76    15.70    15.73    15.77
uc_mul_recheck     103.80   103.70   103.71   103.87
