# bench_kernel raw arms: label median min p10 p90 (cycles/op, pooled)
# root=1 ops_per_sample=128 samples=50 phases=20 pooled=1000 core=1
uc_mul_lat         103.77   103.65   103.68   103.84
uc_sq_lat           73.05    72.95    72.98    73.12
uc_mul_tput        100.98   100.87   100.90   101.05
uc_sq_tput          70.03    69.95    69.96    70.10
wrap_mul            10.21    10.17    10.20    10.23
wrap_sq              7.30     7.27     7.28     7.32
uc_alt_lat          88.08    87.97    88.00    88.14
uc_scat_lat        103.76   103.65   103.68   103.85
ossl_alt_lat        84.68    84.58    84.61    84.75
fiat_alt_lat       125.09   124.93   124.96   126.02
fiat_mul_lat       134.50   134.28   134.41   134.58
fiat_sq_lat        116.57   116.44   116.47   118.45
copt_mul_lat       141.98   141.72   141.89   142.05
copt_sq_lat        118.84   118.71   118.74   118.91
a51_mul_lat        145.95   145.84   145.87   146.05
a51_sq_lat         120.30   120.19   120.20   120.38
hc_mul_lat         153.70   152.82   153.59   153.79
hc_sq_lat          120.48   120.32   120.38   120.55
fiat_mul_nb        134.05   133.88   133.91   135.29
fiat_sq_nb         116.57   116.44   116.47   118.45
copt_mul_nb        141.48   141.37   141.39   141.56
copt_sq_nb         118.84   118.72   118.74   118.91
a51_mul_nb         145.95   145.84   145.87   146.05
a51_sq_nb          120.30   120.19   120.20   120.38
hc_mul_nb          153.70   152.97   153.45   153.81
hc_sq_nb           120.47   120.34   120.38   120.55
fiat_mul_tput      133.99   133.88   133.91   134.07
fiat_sq_tput       116.81   116.69   116.70   118.21
copt_mul_tput      138.77   138.66   138.69   138.86
copt_sq_tput       121.06   120.94   120.97   121.14
a51_mul_tput       145.95   145.83   145.86   146.03
a51_sq_tput        119.80   119.68   119.71   119.88
hc_mul_tput        149.77   149.62   149.66   150.37
hc_sq_tput         121.79   121.59   121.70   121.88
ossl_mul_lat        98.09    97.20    98.02    98.17
ossl_sq_lat         72.44    72.34    72.37    72.51
ossl_mul_nb         98.09    97.60    98.02    98.17
ossl_sq_nb          72.45    72.35    72.38    72.51
ossl_mul_tput       97.08    96.97    97.00    97.16
ossl_sq_tput        72.86    72.74    72.79    72.92
s2n_mul_lat        108.83   108.72   108.75   108.91
s2n_sq_lat         107.98   107.84   107.89   108.05
s2n_mul_nb         108.83   108.72   108.75   108.91
s2n_sq_nb          107.98   107.86   107.89   108.05
s2n_mul_tput       104.95   104.83   104.86   105.02
s2n_sq_tput        101.78   101.66   101.70   101.85
nfloor_mul          12.17    12.13    12.15    12.20
nfloor_sq            8.62     8.58     8.60     8.65
floor_mul_lat       15.31    15.27    15.30    15.34
floor_sq_lat        15.76    15.71    15.74    15.78
floor_mul_tput      15.27    15.23    15.25    15.29
floor_sq_tput       15.77    15.72    15.74    15.79
uc_mul_recheck     103.74   103.63   103.65   103.80
