# bench_kernel raw arms: label median min p10 p90 (cycles/op, pooled)
# root=1 ops_per_sample=128 samples=50 phases=20 pooled=1000 core=1
uc_mul_lat         103.74   103.63   103.66   103.83
uc_sq_lat           73.09    72.97    73.03    73.16
uc_mul_tput        100.95   100.84   100.87   101.02
uc_sq_tput          70.02    69.93    69.96    70.09
wrap_mul            10.24    10.20    10.21    10.26
wrap_sq              7.80     7.77     7.79     7.83
uc_alt_lat          87.91    87.80    87.84    87.98
uc_scat_lat        103.80   103.68   103.71   103.88
ossl_alt_lat        84.66    84.56    84.59    84.73
fiat_alt_lat       119.28   118.73   119.17   120.01
fiat_mul_lat       130.41   130.29   130.32   130.49
fiat_sq_lat        107.66   107.51   107.54   108.77
copt_mul_lat       141.66   141.52   141.55   142.04
copt_sq_lat        121.07   120.95   120.98   121.16
a51_mul_lat        145.96   145.84   145.87   146.03
a51_sq_lat         120.56   120.45   120.48   120.65
hc_mul_lat         148.92   148.80   148.84   149.01
hc_sq_lat          123.02   122.91   122.94   123.10
fiat_mul_nb        129.75   129.63   129.66   129.83
fiat_sq_nb         107.64   107.52   107.54   108.72
copt_mul_nb        141.42   141.28   141.32   143.64
copt_sq_nb         121.11   120.95   121.03   121.20
a51_mul_nb         146.20   146.08   146.11   146.28
a51_sq_nb          120.56   120.45   120.48   120.64
hc_mul_nb          149.16   149.05   149.07   149.24
hc_sq_nb           121.29   121.17   121.20   121.37
fiat_mul_tput      129.49   129.38   129.41   129.58
fiat_sq_tput       107.64   107.52   107.54   108.53
copt_mul_tput      139.03   138.91   138.92   141.92
copt_sq_tput       121.31   121.20   121.23   121.40
a51_mul_tput       146.44   146.32   146.35   146.52
a51_sq_tput        119.57   119.45   119.48   119.66
hc_mul_tput        148.43   148.31   148.34   148.52
hc_sq_tput         122.78   122.66   122.69   122.86
ossl_mul_lat        97.34    97.23    97.27    97.42
ossl_sq_lat         72.57    72.48    72.51    72.63
ossl_mul_nb         97.11    96.99    97.02    97.18
ossl_sq_nb          72.52    72.43    72.46    72.60
ossl_mul_tput       97.36    97.25    97.28    97.44
ossl_sq_tput        72.45    72.35    72.38    72.52
s2n_mul_lat        110.85   110.73   110.76   110.93
s2n_sq_lat         108.57   108.45   108.48   108.65
s2n_mul_nb         110.35   110.23   110.27   110.44
s2n_sq_nb          105.04   104.93   104.95   105.12
s2n_mul_tput       109.70   109.58   109.61   109.77
s2n_sq_tput        104.57   102.33   104.49   104.65
nfloor_mul          12.05    12.01    12.02    12.07
nfloor_sq            7.46     7.42     7.44     7.48
floor_mul_lat       15.27    15.23    15.25    15.29
floor_sq_lat        15.77    15.72    15.74    15.79
floor_mul_tput      15.27    15.23    15.25    15.30
floor_sq_tput       15.77    15.72    15.74    15.79
uc_mul_recheck     103.76   103.66   103.66   103.82
